0.127171 -0.613392 0.000250 0.000250 discord.png
-0.040254 -0.299417 0.117002 0.117002 discord.png
0.493210 -0.651784 0.164568 0.164568 discord.png
0.027070 -0.392010 0.142100 0.142100 Kappa.jpg
-0.271096 -0.705374 0.018281 0.018281 Kappa.jpg
-0.108615 -0.761834 0.197705 0.197705 Kappa.jpg
-0.244240 0.063326 0.001782 0.001782 m'pgh.png
0.214331 -0.667531 0.120353 0.120353 m'pgh.png
-0.295755 -0.885922 0.090158 0.090158 m'pgh.png
0.605213 0.039766 0.156664 0.156664 texture.jpg
0.453352 0.911802 0.175195 0.175195 discord.png
-0.715323 -0.075838 0.107871 0.107871 Kappa.jpg
-0.580798 0.559313 0.172448 0.172448 discord.png
0.999390 0.222999 0.199359 0.199359 texture.jpg
-0.405438 0.680288 0.053243 0.053243 Kappa.jpg
-0.814753 0.354411 0.075173 0.075173 Kappa.jpg
0.837580 -0.448225 0.001758 0.001758 texture.jpg
0.382366 0.675222 0.117582 0.117582 m'pgh.png
-0.589282 0.487472 0.096988 0.096988 texture.jpg
0.898312 0.488876 0.091592 0.091592 Kappa.jpg
-0.229530 0.470016 0.119810 0.119810 m'pgh.png
-0.277322 -0.696890 0.114481 0.114481 Kappa.jpg
0.605762 0.034211 0.085031 0.085031 discord.png
-0.308878 -0.662038 0.150310 0.150310 m'pgh.png
-0.872921 0.399518 0.098379 0.098379 m'pgh.png
0.899167 -0.716849 0.029499 0.029499 discord.png
-0.393902 -0.146886 0.138578 0.138578 Kappa.jpg
0.366375 -0.693533 0.193323 0.193323 discord.png
0.164098 -0.617298 0.164336 0.164336 Kappa.jpg
-0.049471 -0.688894 0.163439 0.163439 m'pgh.png
-0.188818 -0.440840 0.146403 0.146403 m'pgh.png
0.511704 0.443831 0.136448 0.136448 texture.jpg
-0.264382 0.669362 0.024604 0.024604 Kappa.jpg
0.325968 -0.147557 0.103403 0.103403 Kappa.jpg
0.842769 0.099094 0.189868 0.189868 texture.jpg
-0.250038 0.693960 0.094345 0.094345 texture.jpg
-0.456221 0.965941 0.091220 0.091220 texture.jpg
0.134556 -0.608020 0.147838 0.147838 discord.png
-0.204688 0.001801 0.167888 0.167888 discord.png
0.989257 0.145177 0.005493 0.005493 Kappa.jpg
-0.611866 0.686087 0.106265 0.106265 m'pgh.png
-0.604297 0.684317 0.131523 0.131523 Kappa.jpg
0.486251 -0.371868 0.021986 0.021986 discord.png
-0.327372 -0.719474 0.057216 0.057216 m'pgh.png
0.415998 0.200476 0.166924 0.166924 m'pgh.png
-0.711051 -0.996765 0.050545 0.050545 Kappa.jpg
0.705252 -0.578845 0.161248 0.161248 Kappa.jpg
-0.971496 -0.772454 0.110642 0.110642 texture.jpg
0.372295 0.086886 0.150444 0.150444 Kappa.jpg
-0.596118 0.392438 0.087344 0.087344 texture.jpg
-0.535142 0.155736 0.087338 0.087338 m'pgh.png
-0.679617 0.008271 0.125736 0.125736 discord.png
0.849605 -0.620106 0.139152 0.139152 texture.jpg
0.990356 -0.085116 0.035670 0.035670 discord.png
0.250343 -0.811213 0.019501 0.019501 texture.jpg
-0.903134 0.789239 0.186303 0.186303 texture.jpg
0.538133 -0.178564 0.045460 0.045460 Kappa.jpg
0.208289 -0.096774 0.125614 0.125614 texture.jpg
0.269448 0.709586 0.119565 0.119565 discord.png
0.441816 0.131504 0.124955 0.124955 texture.jpg
0.475814 0.110263 0.036854 0.036854 discord.png
-0.622120 0.209449 0.048573 0.048573 m'pgh.png
-0.297403 -0.011078 0.116923 0.116923 Kappa.jpg
0.224097 0.240761 0.148149 0.148149 m'pgh.png
-0.701773 0.152074 0.160906 0.160906 discord.png
0.229408 0.455367 0.182311 0.182311 Kappa.jpg
0.953063 -0.369976 0.133555 0.133555 m'pgh.png
-0.652150 -0.782891 0.061165 0.061165 discord.png
0.488632 -0.690237 0.170244 0.170244 texture.jpg
-0.846797 0.281961 0.015870 0.015870 discord.png
-0.103488 -0.182043 0.109018 0.109018 texture.jpg
0.002411 -0.694693 0.093112 0.093112 texture.jpg
-0.372234 0.653371 0.147600 0.147600 discord.png
0.450056 -0.399884 0.174670 0.174670 discord.png
-0.868526 0.569933 0.025446 0.025446 m'pgh.png
0.912229 -0.855464 0.121928 0.121928 discord.png
-0.355754 -0.790399 0.130772 0.130772 m'pgh.png
-0.419416 0.839961 0.045418 0.045418 m'pgh.png
-0.770928 -0.014924 0.132560 0.132560 texture.jpg
0.586718 0.018525 0.099362 0.099362 texture.jpg
0.064302 0.212561 0.137632 0.137632 texture.jpg
0.415754 -0.798761 0.001178 0.001178 m'pgh.png
-0.016999 0.494675 0.172649 0.172649 texture.jpg
0.570727 0.105625 0.076022 0.076022 texture.jpg
0.261696 -0.646840 0.191144 0.191144 texture.jpg
0.486557 0.903439 0.026325 0.026325 m'pgh.png
-0.340312 -0.888180 0.005567 0.005567 m'pgh.png
0.694143 0.728629 0.026325 0.026325 m'pgh.png
0.707938 -0.970641 0.144328 0.144328 Kappa.jpg
0.234291 -0.564867 0.141581 0.141581 Kappa.jpg
0.248207 -0.318033 0.033784 0.033784 texture.jpg
0.322001 0.604785 0.073513 0.073513 discord.png
0.222205 0.596362 0.105307 0.105307 discord.png
0.260353 -0.195166 0.028962 0.028962 texture.jpg
0.710379 -0.867672 0.027308 0.027308 texture.jpg
-0.395428 0.096103 0.114670 0.114670 Kappa.jpg
-0.778741 0.616077 0.062270 0.062270 Kappa.jpg
0.576220 0.790460 0.056850 0.056850 discord.png
0.230445 -0.277749 0.148759 0.148759 discord.png
0.727165 -0.541124 0.045698 0.045698 Kappa.jpg